1 0.122252 0.160662 0.007245 0.009297
1 0.214772 0.162353 0.006943 0.010142
1 0.306838 0.160874 0.006943 0.010565
1 0.121347 0.308991 0.008452 0.008452
1 0.214017 0.308357 0.009659 0.010565
1 0.307140 0.308779 0.006943 0.009720
1 0.122252 0.438091 0.006037 0.010565
1 0.214319 0.439147 0.009056 0.008452
1 0.306536 0.437668 0.006339 0.011410
1 0.399056 0.161085 0.006037 0.008452
1 0.398301 0.309413 0.008150 0.009297
1 0.398603 0.437457 0.009358 0.010142
1 0.491273 0.160874 0.006943 0.010565
1 0.491424 0.308991 0.007245 0.010987
1 0.490971 0.438302 0.010565 0.012678
1 0.582887 0.161296 0.007848 0.010565
1 0.583038 0.308991 0.008754 0.011832
1 0.583642 0.438725 0.006339 0.014368
1 0.675859 0.160874 0.006037 0.009720
1 0.675708 0.308568 0.005735 0.010142
1 0.675256 0.438091 0.006641 0.011410
1 0.399207 0.547884 0.009961 0.009720
1 0.307140 0.546405 0.007546 0.010987
1 0.491575 0.546828 0.006339 0.010987
1 0.583491 0.546405 0.010867 0.010142
1 0.676463 0.546828 0.011471 0.015213
1 0.399961 0.607258 0.009659 0.011832
1 0.490821 0.606835 0.010263 0.010142
1 0.584396 0.606624 0.006037 0.011410
1 0.676463 0.607469 0.007848 0.007184
1 0.122252 0.547673 0.009659 0.011832
1 0.215526 0.546405 0.009659 0.013523
1 0.767322 0.309123 0.008452 0.010565
1 0.768379 0.437167 0.007546 0.015636
1 0.768228 0.513655 0.007848 0.010565
1 0.767775 0.606201 0.008150 0.010565
