1 0.122251 0.161360 0.016934 0.021848
1 0.215389 0.161592 0.017266 0.023242
1 0.307033 0.162289 0.012618 0.019059
1 0.123081 0.309181 0.013282 0.018129
1 0.214393 0.309878 0.011954 0.015805
1 0.306701 0.311505 0.012618 0.016270
1 0.399508 0.160662 0.008965 0.013945
1 0.400006 0.309878 0.009961 0.014875
1 0.490819 0.161825 0.011622 0.014410
1 0.491152 0.309878 0.008301 0.011156
1 0.583128 0.162057 0.012286 0.013016
1 0.583792 0.307089 0.010293 0.015805
1 0.676040 0.161534 0.007969 0.011621
1 0.675210 0.310285 0.009629 0.011621
1 0.767850 0.310750 0.008965 0.013481
1 0.768348 0.441604 0.012618 0.016734
1 0.676206 0.439744 0.008965 0.013016
1 0.583898 0.439512 0.008301 0.012551
1 0.675376 0.548983 0.007969 0.012086
1 0.584396 0.546659 0.010625 0.011156
1 0.675874 0.607554 0.008301 0.010227
1 0.768016 0.607089 0.007969 0.011156
1 0.583400 0.607786 0.010625 0.008832
1 0.768348 0.513422 0.008633 0.012551
1 0.491590 0.607089 0.009629 0.011156
1 0.492420 0.438350 0.008633 0.012086
1 0.491092 0.547124 0.009297 0.013945
1 0.399282 0.548053 0.010293 0.010227
1 0.399282 0.439279 0.008301 0.012086
1 0.400776 0.606392 0.010625 0.011621
1 0.307638 0.547356 0.008301 0.012551
1 0.305978 0.439512 0.008301 0.015340
1 0.214500 0.438582 0.007969 0.010691
1 0.216492 0.545962 0.012618 0.012551
1 0.122856 0.438350 0.007969 0.011156
1 0.123520 0.547124 0.006641 0.013016
1 0.399448 0.658454 0.010625 0.013481
1 0.491424 0.658222 0.012618 0.013945
1 0.583898 0.657757 0.010293 0.013945
1 0.676040 0.658222 0.009961 0.012086
1 0.768680 0.657757 0.010625 0.013945
