1 0.121628 0.160813 0.008766 0.012783
1 0.214400 0.162859 0.008035 0.010738
1 0.306260 0.161325 0.009131 0.012783
1 0.399192 0.161307 0.007305 0.014829
1 0.491235 0.161052 0.007305 0.015340
1 0.584671 0.161153 0.007955 0.012993
1 0.676597 0.160843 0.008839 0.016086
1 0.676155 0.309953 0.007955 0.017324
1 0.307348 0.310262 0.008397 0.016705
1 0.400157 0.310262 0.010165 0.011755
1 0.492083 0.308406 0.008397 0.012993
1 0.584450 0.311190 0.008397 0.012374
1 0.215643 0.309953 0.009723 0.012374
1 0.122193 0.310881 0.009723 0.010889
1 0.123651 0.437469 0.011667 0.014973
1 0.122436 0.546362 0.009237 0.014973
1 0.214803 0.439170 0.010209 0.018376
1 0.215046 0.545681 0.009723 0.014973
1 0.306928 0.545000 0.007778 0.016334
1 0.306928 0.439851 0.008751 0.012931
1 0.398809 0.438490 0.010695 0.014292
1 0.400024 0.546702 0.008264 0.015653
1 0.492149 0.439510 0.008751 0.013612
1 0.492392 0.546362 0.010209 0.014973
1 0.583301 0.438490 0.010209 0.012931
1 0.584516 0.546021 0.008751 0.017015
1 0.676884 0.437809 0.009723 0.019737
1 0.677856 0.545681 0.009723 0.017695
1 0.399708 0.608022 0.011765 0.019465
1 0.490618 0.609145 0.010695 0.011230
1 0.585003 0.608771 0.008021 0.016470
1 0.676446 0.607648 0.009091 0.015721
1 0.769314 0.310796 0.011181 0.017015
1 0.768585 0.438064 0.008751 0.018376
1 0.768099 0.513609 0.010695 0.015653
1 0.768828 0.606848 0.009237 0.014292
