1 0.306979 0.548934 0.011250 0.014624
1 0.400190 0.547809 0.009643 0.014624
1 0.399989 0.606868 0.009241 0.014624
1 0.491794 0.547528 0.008839 0.012937
1 0.492196 0.606868 0.008035 0.013499
1 0.583197 0.547247 0.009241 0.013499
1 0.584202 0.608837 0.008035 0.011812
1 0.676609 0.607712 0.009643 0.015187
1 0.676609 0.547247 0.010446 0.012374
1 0.399788 0.439535 0.008839 0.011812
1 0.491995 0.438691 0.008437 0.016874
1 0.584603 0.438691 0.010446 0.013499
1 0.676409 0.439816 0.010044 0.014624
1 0.307180 0.437848 0.010848 0.014062
1 0.307380 0.309044 0.009643 0.014062
1 0.399587 0.309606 0.008437 0.012937
1 0.491191 0.309044 0.010044 0.015187
1 0.584603 0.309606 0.008839 0.014062
1 0.676609 0.309325 0.009643 0.012374
1 0.307356 0.161146 0.009643 0.014062
1 0.399161 0.161427 0.010044 0.015749
1 0.491167 0.160583 0.009241 0.015187
1 0.584378 0.161146 0.006830 0.015187
1 0.677188 0.160021 0.008437 0.016311
1 0.768018 0.309398 0.008397 0.014849
1 0.768902 0.439637 0.009281 0.011755
1 0.768460 0.513882 0.010165 0.014230
1 0.768460 0.607617 0.011049 0.013612
1 0.122000 0.161413 0.013126 0.016334
1 0.122730 0.309780 0.011667 0.017695
1 0.122244 0.437729 0.009723 0.016334
1 0.123945 0.549004 0.010209 0.012931
1 0.215826 0.547983 0.011181 0.016334
1 0.215097 0.309440 0.011667 0.012931
1 0.214854 0.162775 0.012154 0.014973
1 0.215097 0.439090 0.013612 0.014973
0 0.621735 0.716416 0.004432 0.005009
0 0.678057 0.716628 0.006663 0.008208
0 0.622090 0.820163 0.006929 0.008208
1 0.677457 0.818950 0.008928 0.008022
